POST /collect HTTP/1.1
Host: l.clarity.ms
User-Agent: Mozilla/5.0 (Windows NT 10.0; Win64; x64; rv:140.0) Gecko/20100101 Firefox/140.0
Accept: */*
Accept-Language: pt-BR,pt;q=0.8,en-US;q=0.5,en;q=0.3
Accept-Encoding: gzip, deflate
Content-Type: text/plain;charset=UTF-8
Content-Length: 3690
Origin: https://app.sejaefi.com.br
Referer: https://app.sejaefi.com.br/
Sec-Fetch-Dest: empty
Sec-Fetch-Mode: cors
Sec-Fetch-Site: cross-site
Te: trailers
Connection: close

{"e":["0.8.19",5,7463,7734,"g0r6pkqi91","103nrd5","19ezmvl",17,0,0,0,"https://app.sejaefi.com.br/pix/fazer-pix/chave"],"a":[[10554,12,658,741,288],[10571,12,760,540,295],[10585,12,780,411,295],[10601,12,760,337,294],[10617,12,760,307,294],[10648,12,760,297,294],[10648,12,760,296,295],[10679,12,760,300,297],[10695,12,760,311,301],[10710,12,760,334,308],[10727,12,780,354,314],[10727,12,780,359,316],[10851,12,780,360,316],[10882,12,780,357,316],[10882,12,737,354,318],[10898,12,737,351,321],[10914,12,737,347,325],[10929,12,737,342,332],[10945,12,737,340,342],[10960,12,815,340,358],[10976,12,816,345,372],[10992,12,833,352,385],[11007,12,833,359,396],[11023,12,833,361,400],[11039,12,833,362,402],[11102,12,833,362,401],[11102,12,833,362,400],[11132,12,833,361,400],[11132,12,833,361,399],[11179,13,833,361,399],[11273,14,833,361,399],[11273,9,833,361,399,7054,23830,0,0,0,null,null,"3rb3vj2ev.75ewbze0l",1,0],[11471,38,833,2],[11471,27,833,"••••• •••• ••••"],[11367,12,833,362,401],[11382,12,833,366,404],[11398,12,816,381,414],[11414,12,761,396,423],[11445,12,761,421,438],[11460,12,834,438,448],[11460,12,834,446,453],[11476,12,834,457,460],[11492,12,761,467,466],[11507,12,761,473,466],[11523,12,834,473,455],[11539,12,761,466,428],[11539,12,816,461,407],[11554,12,816,449,381],[11679,12,816,446,381],[11695,12,816,437,381],[11710,12,816,434,382],[11726,12,833,427,388],[11742,12,833,426,393],[11757,12,833,429,394],[11789,12,833,433,396],[11804,12,833,438,399],[11820,12,833,444,402],[11835,12,816,459,409],[11851,12,816,479,418],[11868,12,761,523,440],[11882,12,834,548,454],[11898,12,761,567,469],[11914,12,761,581,486],[11929,12,761,595,510],[11945,12,761,607,536],[11976,12,810,616,561],[11992,12,810,621,583],[12007,12,706,621,599],[12023,12,706,621,614],[12040,12,706,621,628],[12055,12,658,621,637],[12070,12,658,622,645],[12086,12,788,623,658],[12101,12,788,624,665],[12117,12,813,626,674],[12133,12,813,626,677],[12226,12,788,625,677],[13882,13,788,625,677],[13900,42,833,"text","••••• •••• ••••","2667ir"],[13977,14,788,625,677],[13977,9,788,625,677,19480,15213,0,0,0,"Continuar",null,"42c9vngh3.78rhla0qt",1,1],[7463,4,1,1109,955,1109,955,0,0,763,874,560,39436,3945,763,874,3945,365,442,22647,366,442,22724,755,880,3929],[15197,0,2,241,3,6,4,10,5,3,25,86],[15197,36,6,[11474,0,13900,91]]],"p":[[11474,6,839,832,838,"I","data-v-92326518=","class=icon-id-card",813,788,812,[5],"data-v-255a34ac=","class=icon icon-3 ms-3 icon-arrow-right text-white",788,766,787,"BUTTON",[12],"type=button","class=px-3 g-stepper-button d-flex justify-content-center align-items-center btn-secondary-200 bg-secondary-200 stepper-text-white w-100 rounded-bottom-end w-100 rounded-bottom-end"],[13900,6,761,737,760,"FORM","data-v-92326518=","class=mt-7 position-relative d-flex flex-column gap-6","data-gtm-form-interact-id=5",833,816,832,"INPUT","data-v-67098ce4=","aria-describedby=keyField","aria-invalid=false","class=text-muted g-text-field-input w-100","maxlength=256","required=","type=text","data-test-id=•••••••••••••••","placeholder=••••••••• •••••••• •••••• •• •••••••••","data-gtm-form-interact-field-id=•","value=••••• •••• ••••"],[13991,6,811,"*T",812,"SPAN",813,"I",814,[3],858,788,"DIV","data-v-6a4f8f6f=","data-v-255a34ac=","class=micro-loader position-absolute",788,766,787,"BUTTON",[14],"type=button","class=px-3 g-stepper-button d-flex justify-content-center align-items-center btn-secondary-200 bg-secondary-200 stepper-text-white w-100 rounded-bottom-end w-100 rounded-bottom-end","disabled="]]}