POST /collect HTTP/1.1
Host: l.clarity.ms
User-Agent: Mozilla/5.0 (Windows NT 10.0; Win64; x64; rv:140.0) Gecko/20100101 Firefox/140.0
Accept: */*
Accept-Language: pt-BR,pt;q=0.8,en-US;q=0.5,en;q=0.3
Accept-Encoding: gzip, deflate
Content-Type: text/plain;charset=UTF-8
Content-Length: 1111
Origin: https://app.sejaefi.com.br
Referer: https://app.sejaefi.com.br/
Sec-Fetch-Dest: empty
Sec-Fetch-Mode: no-cors
Sec-Fetch-Site: cross-site
Priority: u=6
Te: trailers
Connection: close

{"e":["0.8.19",4,15699,7058,"g0r6pkqi91","103nrd5","19ezmvl",16,1,1,0,"https://app.sejaefi.com.br/pix/fazer-pix/chave"],"a":[[21771,12,272,1065,358],[21787,12,272,930,400],[21819,12,233,756,435],[21834,12,382,675,436],[21849,12,648,645,436],[21865,12,688,619,436],[21881,12,688,616,436],[21897,12,707,614,436],[21912,12,707,612,436],[21928,12,707,607,434],[21943,12,707,594,431],[21960,12,729,572,426],[21974,12,729,525,421],[21990,12,728,494,420],[22006,12,688,472,420],[22021,12,648,458,422],[22037,12,647,443,428],[22053,12,687,427,433],[22085,12,704,401,437],[22099,12,704,392,439],[22115,12,704,391,439],[22162,12,704,390,439],[22178,12,704,389,439],[22194,12,704,387,440],[22209,12,704,386,440],[22224,12,704,382,440],[22240,12,704,377,440],[22271,12,704,374,440],[22287,12,704,367,441],[22303,12,704,365,442],[22647,13,704,365,442],[22709,12,704,366,442],[22724,14,704,366,442],[22724,9,704,366,442,22092,27554,0,1,0,"Chave Pix",null,"2nf23otk6.193alx1xu",1,1],[15699,4,1,1109,955,1109,955,0,0,1081,357,2076,39436,13162,1081,357,13162,210,97,84951,210,97,85015,1041,364,13162],[22757,0,2,663,4,2,25,36]]}