POST /collect HTTP/1.1
Host: l.clarity.ms
User-Agent: Mozilla/5.0 (Windows NT 10.0; Win64; x64; rv:140.0) Gecko/20100101 Firefox/140.0
Accept: */*
Accept-Language: pt-BR,pt;q=0.8,en-US;q=0.5,en;q=0.3
Accept-Encoding: gzip, deflate
Content-Type: text/plain;charset=UTF-8
Content-Length: 2041
Origin: https://app.sejaefi.com.br
Referer: https://app.sejaefi.com.br/
Sec-Fetch-Dest: empty
Sec-Fetch-Mode: cors
Sec-Fetch-Site: cross-site
Te: trailers
Connection: close

{"e":["0.8.19",6,15197,6330,"g0r6pkqi91","103nrd5","19ezmvl",17,0,0,0,"https://app.sejaefi.com.br/pix/fazer-pix/chave"],"a":[[14289,12,788,626,673],[14304,12,788,629,669],[14320,12,788,629,667],[14335,12,788,630,666],[14351,12,788,630,664],[14477,12,788,632,663],[14492,12,788,635,663],[14507,12,788,665,661],[14524,12,788,705,657],[14540,12,233,746,651],[14554,12,233,775,639],[14570,12,272,791,623],[14585,12,272,798,607],[14602,12,272,799,581],[14618,12,272,797,561],[14632,12,272,794,555],[14773,12,272,790,555],[14789,12,272,784,555],[14804,12,272,782,555],[14820,12,272,782,556],[14835,12,272,784,557],[14852,12,272,785,558],[14867,12,272,786,558],[14882,12,272,787,558],[14929,12,272,788,559],[15117,12,272,788,558],[15554,12,272,788,559],[15570,12,272,791,560],[15585,12,272,796,560],[15601,12,272,801,560],[15726,12,272,800,561],[15757,12,272,799,563],[15773,12,272,799,564],[15789,12,272,799,566],[15804,12,272,798,567],[15836,12,272,797,568],[15929,12,272,797,567],[15960,12,272,797,566],[15977,12,272,797,565],[18601,12,272,798,570],[18617,12,272,803,584],[18632,12,272,807,593],[18648,12,272,817,601],[18680,12,272,848,602],[18695,12,272,879,595],[18710,12,272,894,587],[18710,12,272,898,584],[18882,12,272,893,588],[18899,12,272,889,593],[18929,12,272,885,600],[18945,12,272,885,603],[18992,12,272,886,603],[19008,12,272,891,604],[19023,12,272,898,604],[19039,12,272,909,604],[19054,12,272,916,604],[19070,12,272,924,603],[19086,12,272,926,601],[19101,12,272,926,600],[19132,12,272,927,600],[19148,12,272,927,599],[19179,12,272,927,597],[19195,12,272,928,596],[19242,12,272,929,595],[19382,12,272,929,594],[19414,12,272,929,593],[19555,12,272,929,592],[19726,12,272,929,591],[19899,12,272,929,590],[20320,12,272,930,589],[20335,12,272,931,588],[20352,12,272,933,586],[20367,12,272,934,585],[20382,12,272,935,584],[20399,12,272,936,583],[13977,22,9,"42c9vngh3.78rhla0qt",625,677,0,0],[15197,4,1,1109,955,1109,955,0,0,625,677,13991,39436,13977,625,677,12226,625,677,13882,625,677,13977,625,677,13977],[21527,0,2,1440,4,1,25,79]]}